0.000000000000000000e+00
2.796581279986362460e-03
7.412118714571903043e-03
1.229467976445893689e-03
1.037397730851970235e-02
-2.123042456531974015e-03
6.215689226471888922e-03
3.161174154387529339e-03
4.593198344080195485e-03
-8.625804864057706398e-03
2.012247963994863800e-04
2.362222796255177698e-02
1.800917578764085064e-02
9.099171918490096128e-03
1.909475639654912096e-04
4.477518574079508533e-03
1.671893541959740270e-02
-4.341362457429961074e-04
1.062911218911206587e-02
-3.445440846183857202e-06
